%YAML:1.0
image_width: 640
image_height: 480
fx: 4.1097906e+02
fy: 4.1082857e+02
cx: 3.1622352e+02
cy: 2.4038144e+02
k1: -0.31728
k2: 0.08174
p1: 0.00032
p2: 0.00046
k3: 0.0
imu_rate: 200
camera_rate: 20
sigma_gyro: 1.7e-03 #2.7e-4
sigma_accel: 2.0e-02 #1.29e-2
sigma_pixel: 2.0
gravity: 9.805
IWantYou: 50
fast_threshold: 20
hps_ini: 25
hps_mat: 12
ncc_threshold: 0.8
zncc_threshold: 0.9
ssd_threshold: 0.8
max_angle: 90.0
prior_inverse_depth: 1.0
max_inverse_depth: 10.0
min_inverse_depth: 0.05
q_Sc: !!opencv-matrix
   rows: 4
   cols: 1
   dt: d
   data: [ -0.70113,-0.010768, 0.0021732, 0.71295]
LEFT.height: 480
LEFT.width: 640
LEFT.D: !!opencv-matrix
   rows: 1
   cols: 5
   dt: d
   data:[-0.31728,0.08174,0.00032,0.00046,0.00000 ]
LEFT.K: !!opencv-matrix
   rows: 3
   cols: 3
   dt: d
   data: [410.97906, 0.0, 316.22352, 0.0, 410.82857, 240.38144 , 0.0, 0.0, 1.0]
R_wl:    !!opencv-matrix
   rows: 3
   cols: 3
   dt: d
   data: [0.9999,-0.0077,0.0137,
          0.0076,0.9999,0.0068,   
         -0.0138,-0.0067,0.9999]
t_wl:    !!opencv-matrix
   rows: 3
   cols: 1
   dt: d
   data: [-0.06985170,-0.00000249,0.00012926]
T_wl:    !!opencv-matrix
   rows: 3
   cols: 4
   dt: d
   data: [0.9999,-0.0077,0.0137,-0.06985170,
          0.0076,0.9999,0.0068,-0.00000249,   
         -0.0138,-0.0067,0.9999,0.00012926]

RIGHT.height: 480
RIGHT.width: 640
RIGHT.D: !!opencv-matrix
   rows: 1
   cols: 5
   dt: d
   data:[-0.31602,0.08163,-0.00038,0.00018,0.00000]
RIGHT.K: !!opencv-matrix
   rows: 3
   cols: 3
   dt: d
   data: [412.33447, 0.0, 318.59812, 0.0, 412.24397,246.20264 , 0.0, 0.0, 1]
R_wr:    !!opencv-matrix
   rows: 3
   cols: 3
   dt: d
   data: [1.0,0.0,0.0,
          0.0,1.0,0.0,
          0.0,0.0,1.0]
t_wr:    !!opencv-matrix
   rows: 3
   cols: 1
   dt: d
   data: [0.0,0.0,0.0]
T_wr:    !!opencv-matrix
   rows: 3
   cols: 4
   dt: d
   data: [1.0, 0.0, 0.0, 0.0,
          0.0, 1.0, 0.0, 0.0,
          0.0, 0.0, 1.0, 0.0]
